//An emPlant generated *.dat File
J = 4;
K = 5;

T = 12;
ZMax = 2;
f = #[
   1: #[
      1: [402, 7944, 450]
      2: [402, 7194, 360]
      3: [312, 6564, 360]
      4: [450, 8280, 450]
      5: [360, 6900, 360]
      ]#
   2: #[
      1: [8100, 600, 0]
      2: [7560, 540, 0]
      3: [6360, 540, 0]
      4: [9300, 600, 0]
      5: [8160, 540, 0]
      ]#
   3: #[
      1: [888, 12426, 630]
      2: [888, 11544, 504]
      3: [777, 10767, 504]
      4: [888, 12426, 630]
      5: [777, 10767, 504]
      ]#
   4: #[
      1: [120, 3990, 450]
      2: [120, 3360, 360]
      3: [105, 3255, 360]
      4: [120, 3990, 450]
      5: [105, 3255, 360]
      ]#
   ]#;
d = #[
   1: [0,0,0,0,0,0,0,11,31,33,30,0]
   2: [0,0,0,0,0,0,0,12,37,39,25,0]
   3: [0,0,0,0,0,0,0,10,41,41,29,0]
   4: [0,0,0,0,0,0,0,16,32,34,27,0]
   5: [0,0,0,0,0,0,0,15,44,38,29,0]
]#;
h = #[
   1: 42
   2: 40
   3: 35
   4: 50
   5: 48
]#;
b = #[
   1: [1209600, 1209600, 1209600, 1209600, 1209600, 1209600, 1209600, 1209600, 1209600, 1209600, 1209600, 1209600]
   2: [806400, 806400, 806400, 806400, 806400, 806400, 806400, 806400, 806400, 806400, 806400, 806400]
   3: [1209600, 1209600, 1209600, 1209600, 1209600, 1209600, 1209600, 1209600, 1209600, 1209600, 1209600, 1209600]
   4: [403200, 403200, 403200, 403200, 403200, 403200, 403200, 403200, 403200, 403200, 403200, 403200]
]#;
Umax = #[
   1: [604800, 604800, 604800, 604800, 604800, 604800, 604800, 604800, 604800, 604800, 604800, 604800]
   2: [403200, 403200, 403200, 403200, 403200, 403200, 403200, 403200, 403200, 403200, 403200, 403200]
   3: [604800, 604800, 604800, 604800, 604800, 604800, 604800, 604800, 604800, 604800, 604800, 604800]
   4: [201600, 201600, 201600, 201600, 201600, 201600, 201600, 201600, 201600, 201600, 201600, 201600]
]#;
u = #[
   1: [0.1, 0.1, 0.1, 0.1, 0.1, 0.1, 0.1, 0.1, 0.1, 0.1, 0.1, 0.1]
   2: [0.5, 0.5, 0.5, 0.5, 0.5, 0.5, 0.5, 0.5, 0.5, 0.5, 0.5, 0.5]
   3: [0.3, 0.3, 0.3, 0.3, 0.3, 0.3, 0.3, 0.3, 0.3, 0.3, 0.3, 0.3]
   4: [0.5, 0.5, 0.5, 0.5, 0.5, 0.5, 0.5, 0.5, 0.5, 0.5, 0.5, 0.5]
]#;
Iinit = #[
   1: 0
   2: 80
   3: 40
   4: 5
   5: 70
]#;

//EPGAP for solution finding:
CPLEX_EPGAP =0.0001;

