J = 3;
K = 2;
F = 2;
TStart = 7;
TEnd = 46;
b = #[
   1: [725760, 725760, 725760, 725760, 725760, 725760, 725760, 725760, 725760, 725760, 725760, 725760, 725760, 725760, 725760, 725760, 725760, 725760, 725760, 725760, 725760, 725760, 725760, 725760, 725760, 725760, 725760, 725760, 725760, 725760, 725760, 725760, 725760, 725760, 725760, 725760, 725760, 725760, 725760, 725760, 725760, 725760]
   2: [483840, 483840, 483840, 483840, 483840, 483840, 483840, 483840, 483840, 483840, 483840, 483840, 483840, 483840, 483840, 483840, 483840, 483840, 483840, 483840, 483840, 483840, 483840, 483840, 483840, 483840, 483840, 483840, 483840, 483840, 483840, 483840, 483840, 483840, 483840, 483840, 483840, 483840, 483840, 483840, 483840, 483840]
   3: [725760, 725760, 725760, 725760, 725760, 725760, 725760, 725760, 725760, 725760, 725760, 725760, 725760, 725760, 725760, 725760, 725760, 725760, 725760, 725760, 725760, 725760, 725760, 725760, 725760, 725760, 725760, 725760, 725760, 725760, 725760, 725760, 725760, 725760, 725760, 725760, 725760, 725760, 725760, 725760, 725760, 725760]
]#;
Umax = #[
   1: [362880, 362880, 362880, 362880, 362880, 362880, 362880, 362880, 362880, 362880, 362880, 362880, 362880, 362880, 362880, 362880, 362880, 362880, 362880, 362880, 362880, 362880, 362880, 362880, 362880, 362880, 362880, 362880, 362880, 362880, 362880, 362880, 362880, 362880, 362880, 362880, 362880, 362880, 362880, 362880]
   2: [241920, 241920, 241920, 241920, 241920, 241920, 241920, 241920, 241920, 241920, 241920, 241920, 241920, 241920, 241920, 241920, 241920, 241920, 241920, 241920, 241920, 241920, 241920, 241920, 241920, 241920, 241920, 241920, 241920, 241920, 241920, 241920, 241920, 241920, 241920, 241920, 241920, 241920, 241920, 241920]
   3: [362880, 362880, 362880, 362880, 362880, 362880, 362880, 362880, 362880, 362880, 362880, 362880, 362880, 362880, 362880, 362880, 362880, 362880, 362880, 362880, 362880, 362880, 362880, 362880, 362880, 362880, 362880, 362880, 362880, 362880, 362880, 362880, 362880, 362880, 362880, 362880, 362880, 362880, 362880, 362880]
]#;
u = #[
   1: [0.1, 0.1, 0.1, 0.1, 0.1, 0.1, 0.1, 0.1, 0.1, 0.1, 0.1, 0.1, 0.1, 0.1, 0.1, 0.1, 0.1, 0.1, 0.1, 0.1, 0.1, 0.1, 0.1, 0.1, 0.1, 0.1, 0.1, 0.1, 0.1, 0.1, 0.1, 0.1, 0.1, 0.1, 0.1, 0.1, 0.1, 0.1, 0.1, 0.1]
   2: [0.5, 0.5, 0.5, 0.5, 0.5, 0.5, 0.5, 0.5, 0.5, 0.5, 0.5, 0.5, 0.5, 0.5, 0.5, 0.5, 0.5, 0.5, 0.5, 0.5, 0.5, 0.5, 0.5, 0.5, 0.5, 0.5, 0.5, 0.5, 0.5, 0.5, 0.5, 0.5, 0.5, 0.5, 0.5, 0.5, 0.5, 0.5, 0.5, 0.5]
   3: [0.3, 0.3, 0.3, 0.3, 0.3, 0.3, 0.3, 0.3, 0.3, 0.3, 0.3, 0.3, 0.3, 0.3, 0.3, 0.3, 0.3, 0.3, 0.3, 0.3, 0.3, 0.3, 0.3, 0.3, 0.3, 0.3, 0.3, 0.3, 0.3, 0.3, 0.3, 0.3, 0.3, 0.3, 0.3, 0.3, 0.3, 0.3, 0.3, 0.3]
]#;
ZMax = 4;
ZMin = 1;
f = #[
   1: #[
      1: [6342.86, 4457.14, 0, 0]
      2: [6011.43, 4308.57, 0, 0]
      ]#
   2: #[
      1: [7200, 0, 0, 0]
      2: [10800, 0, 0, 0]
      ]#
   3: #[
      1: [7971.43, 5528.57, 0, 0]
      2: [7782.86, 5537.14, 0, 0]
      ]#
   ]#;
d = #[
   1: [60,59,30,16,16,56,32,28,42,29,27,7,34,36,25,39,90,52,95,53,85,40,67,101,67,59,46,38,37,61,42,83,89,82,107,67,52,52,34,71,45,58]
   2: [72,64,28,28,48,19,56,42,65,26,30,60,15,20,44,64,60,92,60,62,49,96,83,58,89,81,41,51,17,25,75,77,72,47,61,81,104,17,20,75,35,60]
]#;
h = #[
   1: 42
   2: 40
]#;
Iinit = #[
   1: 13
   2: 6
]#;
xinit = #[
   1: #[
     5: 79
     6: 78
   ]#
   2: #[
     5: 61
     6: 62
   ]#
]#;
Uinit = #[
   1: #[
     5: 604800
     6: 604800
   ]#
   2: #[
     5: 403200
     6: 403200
   ]#
   3: #[
     5: 604800
     6: 604800
   ]#
]#;
P = 2;
n = #[
   1: [1, 0]
   2: [0, 1]
]#;
xagg = #[
   1: 0
   2: 0
]#;
Uagg = 203212800;
